// Unused singles
CS (32, 300) (38, 0) - 1 5 14 5 1 19 6 16 6 20 7 1 15 4 8 4 16 6 18 6 16 4 8 4 15 1 7 20 6 16 6 19
CS (20, 196) (40, 0) - 1 5 16 5 1 21 6 16 5 1 21 6 16 6 21 1 5 16 6 21
CS (48, 408) (48, 0) - 1 6 1 17 6 20 7 1 13 4 12 4 12 4 12 4 12 4 12 4 12 4 12 4 12 4 12 4 13 1 7 20 6 17 1 6 1 17 6 20 7 1 14 1 7 20 6 17
CS (44, 388) (51, 0) - 1 5 14 4 12 4 12 4 14 6 21 1 5 14 4 12 4 14 5 1 21 6 14 4 12 4 12 4 14 5 1 21 6 14 4 12 4 12 4 12 4 14 6 21
CS (48, 376) (54, 0) - 1 5 12 2 2 2 10 4 10 4 15 1 6 1 19 7 1 14 1 7 19 1 6 1 15 4 10 4 10 2 2 2 12 5 1 19 6 16 6 18 6 16 6 18 6 16 6 19
CS (36, 324) (64, 0) - 1 5 14 4 12 4 14 5 1 21 6 14 4 12 4 14 5 1 21 6 14 4 12 4 14 6 21 1 5 14 4 12 4 14 6 21
OSO (21, 171) (65, 0) - 1 5 14 5 1 19 6 14 4 10 4 14 6 19 1 6 1 15 5 1 20
OSO (19, 167) (72, 0) - 1 5 14 5 1 19 6 18 6 17 1 6 1 19 6 16 5 1 20
CS (64, 508) (76, 0) - 1 5 12 2 2 2 10 4 12 2 2 2 10 4 12 4 14 6 21 1 5 16 5 1 21 6 14 4 12 4 10 2 2 2 12 4 10 2 2 2 12 5 1 19 6 16 6 20 6 16 4 8 4 16 4 8 4 16 6 20 6 16 6 19
CS (48, 300) (77, 0) - 1 5 12 4 10 2 4 2 6 2 4 2 10 4 12 5 1 17 4 6 2 6 2 4 2 10 4 12 5 1 17 6 18 6 17 1 5 12 4 10 2 4 2 6 2 6 4 17
CS (84, 572) (77, 0) - 1 5 14 4 12 4 10 2 4 2 8 2 4 2 8 2 4 2 8 2 4 2 8 2 6 4 17 1 6 1 17 4 6 2 8 2 4 2 8 2 4 2 8 2 4 2 8 2 4 2 10 4 12 4 14 5 1 21 6 14 4 10 4 16 6 20 6 14 4 12 4 12 4 14 6 20 6 16 4 10 4 14 6 21
CS (44, 388) (78, 0) - 1 5 14 4 12 4 12 4 14 5 1 21 6 14 4 12 4 12 4 14 5 1 21 6 14 4 12 4 12 4 14 6 21 1 5 14 4 12 4 12 4 14 6 21
OSO (13, 125) (87, 0) - 1 5 12 4 12 4 14 6 20 6 16 6 19
CS (70, 556) (88, 0) - 1 5 12 4 14 6 18 4 6 2 4 2 10 4 12 4 12 4 10 2 4 2 6 4 18 6 14 4 12 5 1 19 6 14 4 10 2 2 2 10 4 14 6 20 6 14 5 1 19 6 16 6 19 1 5 14 6 20 6 14 4 10 2 2 2 10 4 14 6 19
OSO (19, 183) (97, 0) - 1 5 15 1 7 22 6 16 5 1 21 6 16 4 10 4 16 6 21
OSO (29, 249) (97, 0) - 1 5 14 5 1 19 6 15 1 6 1 19 6 14 4 10 4 12 4 10 4 14 6 20 7 1 15 6 19
OSO (17, 163) (99, 0) - 1 5 16 4 8 2 6 4 18 6 18 6 20 6 16 6 21
OSO (23, 169) (99, 0) - 1 5 12 4 12 4 12 5 1 18 1 6 1 16 1 6 1 18 1 5 14 6 19
CS (48, 388) (99, 0) - 1 5 14 4 12 4 12 4 14 4 8 2 6 2 8 4 14 4 12 4 12 4 14 5 1 21 6 14 4 12 4 12 4 14 5 1 20 1 5 14 4 12 4 12 4 14 6 21
CS (60, 500) (100, 0) - 1 5 12 4 12 4 14 6 20 6 16 6 19 1 5 12 4 14 4 8 2 4 2 10 4 12 4 14 6 20 6 14 4 12 4 10 2 4 2 8 4 14 4 12 5 1 19 6 16 6 20 6 14 4 12 4 12 5 1 18
CS (68, 556) (100, 0) - 1 5 14 4 10 4 14 5 1 19 6 17 1 6 1 17 6 19 1 6 1 15 5 1 20 1 5 14 5 1 18 1 6 1 17 6 18 6 18 6 18 6 17 1 6 1 18 1 5 14 5 1 20 1 5 15 1 6 1 19 6 17 1 6 1 17 6 19
OSO (15, 163) (101, 0) - 1 7 20 6 18 6 18 6 18 6 20 6 14 4 13
CS (50, 504) (102, 0) - 1 5 16 5 1 21 6 16 6 20 6 16 5 1 21 6 15 1 7 21 1 5 16 6 20 6 14 4 14 6 20 6 16 5 1 21 7 1 15 6 21 1 5 16 6 20 6 16 6 21
CS (56, 452) (102, 0) - 1 5 14 4 10 2 4 2 8 2 2 2 12 4 14 6 21 1 5 16 6 20 6 18 6 16 4 10 4 16 6 18 6 20 6 16 5 1 21 6 14 4 12 2 2 2 8 2 4 2 10 4 14 5 1 20
OSO (25, 161) (107, 0) - 1 5 12 2 2 2 10 2 4 2 6 2 6 2 8 4 16 6 20 6 17 1 6 1 18
CS (54, 500) (108, 0) - 1 5 14 6 20 6 16 6 17 1 6 1 18 1 6 1 17 6 16 6 20 6 14 5 1 20 1 5 15 1 7 20 6 16 6 18 6 17 1 6 1 17 6 18 6 16 6 20 7 1 15 5 1 20
CS (48, 452) (121, 0) - 1 5 14 4 12 4 12 4 12 4 14 6 21 1 5 16 6 20 6 18 6 16 4 10 4 16 6 18 6 20 6 16 5 1 21 6 14 4 12 4 12 4 12 4 14 5 1 20
OSO (23, 245) (122, 0) - 1 6 1 17 6 18 6 20 6 15 1 7 20 6 18 6 18 6 18 6 18 6 19
CS (62, 420) (122, 0) - 1 5 12 4 10 4 14 4 8 4 16 6 17 1 6 1 17 6 16 4 8 4 14 4 10 4 12 5 1 17 4 6 2 6 2 6 4 16 4 6 2 6 2 6 4 16 4 6 2 6 2 6 4 16 4 6 2 6 2 6 4 17
OSO (35, 307) (127, 0) - 1 5 16 6 19 1 6 1 17 6 20 6 14 4 12 4 12 4 12 4 12 4 12 4 12 4 12 4 12 4 12 4 14 6 21
OSO (23, 157) (128, 0) - 1 5 12 4 12 4 10 2 2 2 10 4 14 6 19 1 6 1 16 1 6 1 18
OSO (15, 131) (129, 0) - 1 5 14 4 8 2 6 4 16 6 18 6 16 6 19
OSO (29, 231) (129, 0) - 1 5 12 4 12 4 10 4 14 6 19 1 6 1 15 4 8 4 14 4 10 4 12 4 10 4 14 6 19
CS (88, 696) (131, 0) - 1 5 12 4 12 4 14 4 8 2 6 2 6 2 6 2 8 4 14 4 12 4 12 5 1 17 6 20 6 16 4 10 4 14 5 1 20 1 5 16 6 20 6 16 5 1 20 1 5 14 4 10 4 16 6 20 6 17 1 5 12 4 12 4 14 4 8 2 6 2 6 2 6 2 8 4 14 4 12 4 12 5 1 17 6 20 6 17
CS (78, 580) (132, 0) - 1 5 16 6 20 6 17 1 6 1 17 4 6 2 8 2 6 4 17 1 6 1 17 4 6 2 8 2 6 4 17 1 6 1 17 6 20 6 16 5 1 20 1 6 1 15 4 10 4 14 4 10 2 4 2 8 4 16 6 20 6 16 4 8 2 4 2 10 4 14 4 10 4 15 1 6 1 20
OSO (25, 169) (134, 0) - 1 5 12 4 14 4 10 4 14 4 12 4 10 2 4 2 8 2 6 4 17 1 6 1 18
OSO (27, 269) (134, 0) - 1 5 16 6 20 6 16 5 1 21 6 15 1 7 20 6 18 6 17 1 6 1 19 6 16 6 21
OSO (25, 201) (135, 0) - 1 5 12 4 12 4 12 4 10 4 12 4 12 4 10 4 14 6 19 1 6 1 15 6 19
CS (68, 596) (137, 0) - 1 5 16 6 20 6 16 6 20 6 16 5 1 21 6 14 4 10 2 4 2 8 4 16 6 18 6 20 7 1 13 4 12 4 12 4 12 4 12 4 12 4 12 4 12 4 12 4 12 4 13 1 7 20 6 18 6 16 4 8 2 4 2 10 4 14 6 21
CS (70, 500) (137, 0) - 1 5 14 4 12 4 10 2 4 2 8 2 2 2 12 4 12 4 12 4 12 2 2 2 8 2 4 2 10 4 12 4 14 5 1 21 6 14 4 10 2 4 2 8 4 16 6 20 7 1 13 4 12 4 13 1 7 20 6 16 4 8 2 4 2 10 4 14 6 21
CS (60, 536) (139, 0) - 1 5 14 4 12 4 12 4 14 6 21 1 5 14 4 12 4 14 6 21 1 5 14 4 13 1 7 20 6 18 6 20 7 1 13 4 14 5 1 21 6 14 4 12 4 14 5 1 21 6 14 4 12 4 12 4 14 5 1 20
OSO (31, 325) (141, 0) - 1 5 16 5 1 21 6 14 4 12 4 14 6 21 1 5 16 6 20 6 18 6 18 6 18 6 20 6 16 6 21
OSO (29, 243) (143, 0) - 1 5 14 5 1 19 6 17 1 6 1 19 6 17 1 6 1 18 1 6 1 17 6 20 6 16 5 1 20
OSO (33, 253) (143, 0) - 1 5 12 4 14 5 1 21 7 1 15 4 8 2 6 4 18 6 17 1 6 1 19 6 17 1 6 1 18 1 6 1 18
OSO (19, 145) (144, 0) - 1 6 1 16 1 6 1 19 6 14 4 10 4 12 4 13 1 7 19
CS (48, 412) (144, 0) - 1 5 12 4 12 4 14 4 8 2 6 2 8 4 14 4 12 4 12 5 1 17 6 20 6 16 4 10 4 14 5 1 19 6 18 6 19 1 5 14 4 10 4 16 6 20 6 17
CS (52, 356) (144, 0) - 1 5 12 2 4 2 6 2 8 4 16 6 21 1 5 16 4 8 2 6 2 6 2 6 2 6 2 6 2 8 4 16 5 1 21 6 16 4 8 2 6 2 4 2 12 5 1 19 6 18 6 19
CS (68, 476) (144, 0) - 1 5 14 5 1 19 6 16 4 8 2 6 4 16 4 8 4 16 5 1 21 6 14 4 10 2 4 2 6 2 6 2 6 2 8 4 14 4 8 2 6 2 6 2 6 2 4 2 10 4 14 6 21 1 5 16 4 8 4 16 4 6 2 8 4 16 6 19
CS (68, 500) (144, 0) - 1 5 12 4 12 4 14 6 20 6 16 6 19 1 5 12 4 14 4 8 2 4 2 10 4 12 4 12 2 2 2 8 2 4 2 8 2 2 2 12 4 12 4 10 2 4 2 8 4 14 4 12 5 1 19 6 16 6 20 6 14 4 12 4 12 5 1 18
OSO (31, 179) (145, 0) - 1 5 12 4 10 2 4 2 6 2 4 2 10 4 10 2 4 2 6 2 6 4 17 1 5 12 4 12 5 1 18
OSO (29, 227) (146, 0) - 1 5 12 4 12 4 10 4 14 4 8 2 6 4 16 6 18 6 17 1 6 1 17 6 17 1 6 1 18
OSO (21, 161) (148, 0) - 1 5 12 4 10 2 4 2 8 4 16 6 19 1 5 14 5 1 19 6 17
OSO (21, 195) (148, 0) - 1 5 14 5 1 19 6 16 4 8 4 16 6 18 6 18 6 16 5 1 20
OSO (33, 199) (152, 0) - 1 5 12 4 14 4 8 2 6 2 6 2 6 2 6 2 6 2 8 4 14 4 10 2 4 2 6 2 8 4 16 6 19
OSO (35, 303) (152, 0) - 1 5 12 4 14 4 8 2 6 4 18 6 16 4 8 4 17 1 6 1 17 6 18 6 18 6 18 6 18 6 17 1 6 1 18
CS (84, 664) (152, 0) - 1 5 16 4 10 4 16 6 21 1 5 16 5 1 21 6 16 4 10 2 4 2 8 2 4 2 10 4 16 6 21 1 5 16 5 1 21 6 16 4 10 4 16 5 1 21 6 16 4 10 2 4 2 8 2 4 2 10 4 16 6 21 1 5 16 5 1 21 6 16 4 10 2 4 2 8 2 4 2 10 4 16 6 21
OSO (25, 225) (153, 0) - 1 5 12 4 14 4 10 4 14 4 10 4 16 6 18 6 19 1 6 1 17 6 18 6 19
CS (108, 936) (153, 0) - 1 5 16 4 8 4 17 1 6 1 18 1 6 1 17 4 8 4 16 4 8 4 17 1 6 1 18 1 6 1 17 4 8 4 16 4 8 4 17 1 6 1 18 1 6 1 17 4 8 4 16 5 1 21 6 16 6 21 1 5 16 5 1 21 6 16 6 21 1 5 16 5 1 21 6 16 6 21 1 5 16 5 1 21 6 16 6 21 1 5 16 5 1 21 6 16 6 21 1 5 16 5 1 21 6 16 6 21
CS (36, 308) (154, 0) - 1 5 12 4 14 6 18 4 6 4 18 6 14 4 12 5 1 19 6 14 4 10 4 14 5 1 20 1 5 14 4 10 4 14 6 19
CS (68, 532) (154, 0) - 1 5 16 4 8 2 6 2 8 4 16 4 10 4 16 6 21 1 5 16 5 1 21 6 16 4 10 4 16 4 8 2 6 2 8 4 16 5 1 21 6 16 4 10 2 2 2 12 4 14 4 10 4 16 4 10 4 14 4 12 2 2 2 10 4 16 6 21
OSO (27, 205) (156, 0) - 1 5 12 2 2 2 10 4 14 5 1 20 1 5 15 1 6 1 19 6 16 4 8 4 16 6 19
OSO (27, 253) (157, 0) - 1 5 16 4 8 4 17 1 6 1 17 6 20 6 16 6 20 6 16 5 1 21 7 1 15 6 21
OSO (27, 257) (157, 0) - 1 5 14 5 1 19 6 16 6 20 6 16 6 19 1 5 14 5 1 19 6 18 6 16 5 1 20
OSO (29, 251) (157, 0) - 1 5 14 4 10 4 15 1 6 1 19 6 17 1 6 1 18 1 6 1 17 6 18 6 18 6 18 6 19
OSO (33, 293) (158, 0) - 1 5 14 6 20 6 14 6 20 7 1 14 1 7 20 7 1 14 1 7 19 1 6 1 15 4 8 4 16 6 16 6 19
OSO (37, 291) (158, 0) - 1 5 14 5 1 19 6 16 6 17 1 6 1 17 6 17 1 6 1 16 1 6 1 18 1 6 1 15 4 8 4 16 6 16 5 1 20
OSO (29, 247) (159, 0) - 1 5 12 4 12 4 10 4 14 4 8 4 16 6 18 6 16 6 18 6 16 4 8 4 15 1 6 1 18
OSO (25, 155) (162, 0) - 1 5 14 4 8 2 6 2 4 2 8 2 4 2 8 4 14 4 8 2 6 4 16 6 19
OSO (25, 187) (162, 0) - 1 5 16 4 10 4 12 4 14 4 10 4 14 4 10 2 4 2 6 2 8 4 16 6 21
OSO (33, 283) (162, 0) - 1 5 14 5 1 18 1 6 1 17 6 18 6 18 6 17 1 6 1 17 6 19 1 5 14 5 1 19 6 16 5 1 20
OSO (35, 293) (162, 0) - 1 5 12 4 12 4 12 5 1 19 6 14 4 10 4 12 4 12 4 10 4 12 4 12 4 10 4 14 6 20 7 1 15 6 19
CS (84, 756) (162, 0) - 1 5 12 4 14 4 10 4 15 1 6 1 20 1 5 14 4 14 6 20 6 18 6 20 6 16 6 21 1 5 16 5 1 21 6 16 6 20 6 18 6 20 6 14 4 14 5 1 20 1 6 1 15 4 10 4 14 4 12 5 1 18 1 5 12 4 14 4 10 4 16 6 20 6 16 4 10 4 14 4 12 5 1 18
OSO (19, 157) (164, 0) - 1 5 12 2 2 2 10 4 14 6 20 6 16 4 8 4 16 6 19
OSO (29, 209) (164, 0) - 1 5 14 4 10 2 2 2 12 4 12 4 12 4 12 4 12 4 14 5 1 20 1 6 1 15 5 1 20
CS (88, 692) (164, 0) - 1 5 14 4 10 4 14 4 10 2 2 2 10 2 2 2 10 2 2 2 10 2 2 2 10 4 14 4 10 4 14 5 1 19 6 18 6 18 6 16 4 10 4 14 5 1 20 1 5 14 5 1 19 6 16 5 1 20 1 5 14 5 1 20 1 5 16 6 19 1 5 14 5 1 20 1 5 14 4 10 4 16 6 18 6 18 6 19
OSO (25, 179) (165, 0) - 1 5 12 2 2 2 10 4 15 1 6 1 19 6 17 1 6 1 18 1 6 1 17 6 19
CS (56, 412) (167, 0) - 1 5 14 5 1 19 6 16 4 8 2 4 2 8 2 6 4 16 5 1 21 6 14 4 10 4 14 4 10 2 2 2 10 4 14 4 10 4 14 6 21 1 5 16 4 6 2 8 2 4 2 8 4 16 6 19
OSO (31, 251) (169, 0) - 1 5 12 2 2 2 10 2 4 2 6 2 8 4 16 6 20 6 18 6 17 1 6 1 19 6 18 6 18 6 19
OSO (35, 327) (170, 0) - 1 5 14 4 10 4 16 6 20 6 18 6 17 1 6 1 19 6 18 6 18 6 19 1 6 1 16 1 6 1 19 6 18 6 19
CS (52, 404) (170, 0) - 1 5 12 4 10 4 14 6 16 4 8 4 13 1 7 18 7 1 13 4 8 4 16 6 14 4 10 4 12 5 1 19 6 12 4 12 4 8 2 6 4 14 4 6 2 8 4 12 4 12 6 19
CS (54, 436) (170, 0) - 1 5 14 4 12 4 10 2 4 2 8 4 16 4 8 4 16 4 8 2 4 2 10 4 12 4 14 5 1 21 6 14 4 10 4 16 6 20 7 1 13 4 13 1 7 20 6 16 4 10 4 14 6 21
CS (92, 700) (170, 0) - 1 5 14 4 10 4 14 4 10 4 14 4 10 4 14 4 10 4 14 6 21 1 5 14 4 12 4 10 4 16 6 18 6 18 4 6 2 6 2 6 2 6 2 6 2 6 2 6 2 6 2 6 2 6 2 6 4 18 6 18 6 16 4 10 4 12 4 14 5 1 21 6 14 4 10 4 14 4 10 4 14 4 10 4 14 4 10 4 14 5 1 20
OSO (27, 247) (171, 0) - 1 5 14 4 10 4 12 4 10 4 14 6 19 1 6 1 15 6 18 6 16 6 18 6 16 6 19
OSO (45, 359) (172, 0) - 1 5 12 4 14 4 10 4 16 6 19 1 6 1 16 1 6 1 19 6 16 4 10 4 14 4 10 4 16 6 19 1 6 1 16 1 6 1 19 6 17 1 6 1 18
CS (88, 664) (172, 0) - 1 5 14 4 12 4 12 4 10 2 6 4 17 1 6 1 17 6 20 6 16 5 1 21 6 14 4 12 4 12 4 12 2 2 2 10 4 12 2 2 2 10 4 14 4 10 2 2 2 12 4 10 2 2 2 12 4 12 4 12 4 14 6 21 1 5 16 6 20 6 17 1 6 1 17 4 6 2 10 4 12 4 12 4 14 5 1 20
OSO (31, 233) (175, 0) - 1 5 12 4 14 4 10 4 14 4 12 4 12 4 12 4 12 4 14 4 10 4 14 4 10 2 4 2 8 4 17
OSO (27, 201) (177, 0) - 1 5 14 4 12 4 12 4 12 4 10 2 6 4 16 4 8 2 4 2 10 4 12 4 14 6 21
CS (124, 1056) (177, 0) - 1 5 12 4 14 6 21 1 5 16 6 20 6 14 4 12 4 10 2 2 2 12 4 10 2 4 2 8 4 15 1 6 1 20 1 6 1 15 4 8 2 4 2 10 4 12 2 2 2 10 4 12 4 14 6 20 6 16 5 1 21 6 14 4 12 5 1 19 6 16 6 21 1 5 16 4 8 4 16 6 20 6 16 6 19 1 6 1 17 6 18 6 19 1 5 14 5 1 19 6 18 6 17 1 6 1 19 6 16 6 20 6 16 4 8 4 16 5 1 21 6 16 6 19
CS (86, 724) (178, 0) - 1 5 12 4 12 4 12 4 12 4 12 4 12 4 12 4 14 6 20 6 17 1 6 1 17 6 20 6 14 4 12 4 12 4 12 4 12 4 12 4 12 4 12 5 1 17 6 20 6 14 4 12 4 12 4 12 4 12 4 12 4 12 4 10 2 4 2 10 4 12 4 12 4 12 4 12 4 12 4 12 4 14 6 20 6 17
OSO (31, 259) (179, 0) - 1 5 12 4 14 5 1 20 1 6 1 16 1 6 1 19 6 18 6 18 6 17 1 6 1 20 1 5 16 6 19
OSO (23, 177) (180, 0) - 1 5 10 4 14 6 18 6 14 4 8 2 4 2 6 2 6 4 16 6 16 6 17
OSO (39, 225) (181, 0) - 1 5 12 4 10 2 2 2 10 2 2 2 10 4 12 5 1 17 4 6 2 6 2 4 2 10 4 12 5 1 17 4 6 2 6 2 6 4 17
OSO (25, 181) (182, 0) - 1 5 12 4 12 2 2 2 10 4 14 6 21 1 5 14 4 12 5 1 18 1 6 1 18
OSO (27, 209) (182, 0) - 1 5 12 4 14 4 10 2 4 2 6 2 8 4 16 4 8 4 18 6 16 4 10 4 16 6 19
OSO (23, 171) (183, 0) - 1 5 12 4 12 2 2 2 10 4 14 6 21 1 5 14 4 12 4 12 5 1 18
OSO (25, 191) (183, 0) - 1 5 14 4 10 2 4 2 8 4 16 6 19 1 6 1 17 6 19 1 5 14 5 1 20
CS (52, 440) (184, 0) - 1 5 12 4 12 4 12 5 1 19 7 1 13 4 10 4 14 6 19 1 5 12 4 14 6 18 6 17 1 5 12 5 1 17 6 18 6 14 4 12 5 1 19 6 14 4 10 4 13 1 7 19
OSO (29, 215) (185, 0) - 1 5 16 6 18 4 6 2 6 2 6 2 6 2 6 2 6 4 18 6 16 6 20 6 15 1 6 1 20
OSO (29, 181) (186, 0) - 1 5 12 2 4 2 6 2 6 2 6 2 6 2 6 2 8 4 14 4 12 5 1 19 6 16 5 1 20
CS (68, 556) (186, 0) - 1 5 12 4 10 2 4 2 6 4 17 1 6 1 17 6 16 6 19 1 5 14 6 20 6 14 6 20 6 14 6 20 6 14 6 20 6 14 5 1 19 6 16 6 17 1 6 1 17 4 6 2 4 2 10 4 12 5 1 18 1 6 1 16 1 6 1 18
CS (88, 656) (188, 0) - 1 5 12 4 16 6 21 1 5 16 5 1 20 1 6 1 15 4 12 4 12 4 14 4 12 4 12 4 15 1 6 1 20 1 5 16 5 1 21 6 16 4 12 5 1 18 1 6 1 17 4 8 2 4 2 10 2 4 2 8 4 18 6 19 1 5 14 5 1 19 6 18 4 8 2 4 2 10 2 4 2 8 4 17 1 6 1 18
OSO (27, 209) (189, 0) - 1 5 14 6 19 1 6 1 15 4 8 4 16 6 16 4 8 2 2 2 12 4 10 4 14 6 19
CS (108, 756) (190, 0) - 1 5 12 4 14 4 8 2 6 2 8 4 14 4 12 4 12 4 12 4 12 4 12 4 14 4 8 2 6 2 8 4 14 4 12 5 1 18 1 6 1 17 4 6 2 8 2 4 2 10 4 12 4 14 5 1 20 1 5 14 4 10 2 4 2 8 4 16 5 1 21 6 16 6 21 1 5 16 4 8 2 4 2 10 4 14 5 1 20 1 5 14 4 12 4 10 2 4 2 8 2 6 4 17 1 6 1 18
OSO (29, 261) (191, 0) - 1 5 12 4 12 4 12 4 12 4 12 4 12 4 12 4 14 6 20 6 16 6 20 6 16 4 8 4 17
CS (98, 924) (192, 0) - 1 5 14 4 10 4 14 4 10 4 15 1 6 1 19 6 16 4 10 4 12 4 14 6 20 6 17 1 6 1 17 6 20 6 14 4 12 4 10 4 16 6 19 1 6 1 15 4 10 4 14 4 10 4 14 5 1 19 6 18 6 17 1 6 1 19 6 16 6 20 6 16 6 20 6 16 6 20 6 16 6 20 6 16 6 20 6 16 6 19 1 6 1 17 6 18 6 19
OSO (23, 121) (194, 0) - 1 5 12 4 10 2 4 2 6 2 4 2 10 4 10 2 4 2 6 2 6 4 17
OSO (25, 167) (194, 0) - 1 5 12 2 2 2 10 4 14 4 10 4 14 4 10 2 4 2 6 2 8 4 16 6 19
OSO (25, 211) (194, 0) - 1 7 20 6 14 4 10 4 12 4 12 4 10 2 2 2 10 4 14 6 18 6 18 6 15
OSO (33, 299) (195, 0) - 1 5 12 4 14 4 10 4 14 4 10 4 16 6 18 6 19 1 6 1 17 6 18 6 19 1 6 1 17 6 18 6 19
OSO (31, 199) (196, 0) - 1 5 12 4 10 2 4 2 6 2 6 4 17 1 6 1 16 1 6 1 18 1 5 12 4 12 4 12 5 1 18
OSO (33, 293) (197, 0) - 1 5 12 2 2 2 12 4 12 4 14 5 1 19 6 20 6 16 4 12 4 12 4 14 5 1 19 6 20 6 18 6 19
CS (112, 892) (198, 0) - 1 5 14 4 12 4 12 4 12 2 2 2 10 4 14 4 10 2 2 2 12 4 12 4 14 6 21 1 5 14 4 12 4 14 5 1 21 6 14 4 12 4 12 2 2 2 10 4 14 4 10 2 2 2 12 4 12 4 12 4 14 5 1 19 6 19 1 6 1 15 4 10 4 16 6 20 6 16 5 1 20 1 5 14 4 12 4 12 4 12 4 14 5 1 20 1 5 16 6 20 6 16 4 10 4 15 1 6 1 19 6 19
OSO (25, 171) (199, 0) - 1 5 14 4 12 4 12 4 12 4 14 4 8 2 6 2 6 2 8 4 15 1 6 1 20
OSO (35, 289) (199, 0) - 1 5 14 5 1 19 6 18 6 18 6 18 6 18 6 18 4 6 2 6 2 8 4 15 1 6 1 20 1 6 1 15 5 1 20
OSO (23, 185) (200, 0) - 1 5 14 6 20 6 14 4 10 4 12 4 12 4 10 2 2 2 10 4 14 6 19
OSO (29, 189) (202, 0) - 1 5 12 4 12 4 10 4 14 4 8 2 4 2 8 4 15 1 6 1 18 1 6 1 16 1 6 1 18
OSO (29, 199) (202, 0) - 1 5 12 2 2 2 10 4 14 4 10 4 14 4 10 4 14 4 10 2 4 2 6 2 8 4 16 6 19
CS (60, 492) (202, 0) - 1 5 14 4 12 4 12 2 4 2 6 2 8 4 18 6 19 1 5 14 5 1 19 6 18 4 8 2 6 2 4 2 12 4 12 4 14 5 1 19 6 20 6 16 4 12 4 12 4 14 4 12 4 12 4 16 6 20 6 19
CS (56, 436) (203, 0) - 1 5 14 4 12 4 10 2 4 2 8 4 16 4 6 2 8 2 6 4 16 4 8 2 4 2 10 4 12 4 14 5 1 21 6 14 4 10 4 16 6 20 7 1 14 1 7 20 6 16 4 10 4 14 6 21
OSO (39, 295) (205, 0) - 1 5 12 4 12 4 10 2 4 2 4 2 10 4 12 4 10 4 14 4 8 4 16 6 17 1 6 1 17 6 18 6 16 6 17 1 6 1 18
OSO (29, 201) (210, 0) - 1 5 12 4 14 6 18 4 6 2 4 2 10 4 12 4 12 4 10 2 4 2 4 2 10 4 14 6 19
OSO (35, 253) (210, 0) - 1 5 12 2 2 2 8 2 4 2 8 4 14 5 1 19 6 16 6 19 1 5 14 4 8 2 4 2 8 4 16 6 16 6 19
CS (64, 508) (210, 0) - 1 5 12 2 2 2 10 4 14 4 10 2 2 2 12 5 1 19 6 16 4 10 4 14 4 10 4 14 4 12 5 1 19 6 16 4 10 4 14 4 10 4 14 4 10 4 16 6 19 1 5 12 4 14 4 10 4 14 4 10 4 16 6 19
OSO (31, 241) (211, 0) - 1 5 12 4 14 4 8 2 6 2 6 4 18 6 18 6 17 1 6 1 19 6 16 4 8 4 17 1 6 1 18
OSO (33, 265) (211, 0) - 1 5 14 4 10 4 15 1 6 1 18 1 6 1 17 6 18 6 17 1 6 1 17 4 6 2 8 4 16 6 18 6 19
OSO (29, 237) (212, 0) - 1 5 12 4 14 4 10 4 14 5 1 20 1 5 14 4 10 4 16 6 18 4 6 2 8 4 16 6 19
OSO (29, 261) (212, 0) - 1 5 14 4 10 4 14 6 20 6 16 4 6 2 8 4 16 6 18 6 18 6 17 1 6 1 17 6 19
CS (56, 532) (212, 0) - 1 5 12 4 12 4 12 4 12 4 14 6 20 6 17 1 6 1 17 6 20 6 14 4 12 4 12 4 12 4 12 5 1 17 6 20 6 16 6 20 6 14 4 12 4 12 4 14 6 20 6 16 6 20 6 17
OSO (25, 193) (213, 0) - 1 5 12 4 14 6 18 4 6 2 6 4 18 6 14 4 10 2 2 2 10 4 14 6 19
OSO (39, 297) (213, 0) - 1 5 12 4 14 4 10 4 14 4 10 4 14 4 10 4 15 1 6 1 20 1 5 14 4 12 5 1 18 1 6 1 18 1 6 1 17 6 19
OSO (51, 315) (213, 0) - 1 5 12 4 14 6 20 6 14 4 10 2 4 2 6 2 6 2 6 2 6 2 6 2 4 2 10 4 12 2 2 2 8 2 4 2 8 2 4 2 8 4 16 6 18 6 17 1 6 1 18
CS (148, 1152) (213, 0) - 1 5 12 4 14 4 10 4 14 4 12 5 1 19 6 16 4 8 2 6 2 6 2 6 2 6 2 6 2 6 2 8 4 16 6 19 1 6 1 17 6 18 6 20 6 16 6 21 1 5 16 4 8 4 18 6 17 1 6 1 19 6 16 4 8 2 6 2 4 2 10 4 15 1 6 1 19 6 18 6 18 6 18 6 19 1 6 1 15 4 10 2 4 2 6 2 8 4 16 6 19 1 6 1 17 6 18 4 8 4 16 5 1 21 6 16 6 20 6 18 6 17 1 6 1 19 6 16 4 8 2 6 2 6 2 6 2 6 2 6 2 6 2 8 4 16 6 19
OSO (29, 187) (219, 0) - 1 5 12 4 10 2 4 2 6 2 4 2 10 4 12 4 10 4 14 6 19 1 6 1 16 1 6 1 18
OSO (29, 219) (219, 0) - 1 5 14 4 12 4 10 4 16 6 18 4 6 2 6 2 8 4 15 1 6 1 20 1 5 15 1 7 21
OSO (41, 301) (220, 0) - 1 5 12 2 2 2 10 4 14 4 10 4 14 4 10 4 14 5 1 20 1 5 15 1 6 1 20 1 5 14 4 12 5 1 18 1 6 1 17 6 19
OSO (39, 303) (221, 0) - 1 5 12 4 14 5 1 21 7 1 15 4 8 2 4 2 10 4 12 4 14 5 1 21 6 14 5 1 19 6 16 4 8 4 17 1 6 1 18
OSO (27, 181) (222, 0) - 1 5 14 4 10 2 4 2 10 4 14 4 12 4 12 2 2 2 10 2 4 2 8 4 18 6 19
OSO (25, 191) (223, 0) - 1 5 12 2 2 2 10 4 14 6 20 6 17 1 6 1 17 4 6 2 8 4 16 6 19
OSO (27, 177) (223, 0) - 1 5 12 4 14 4 12 4 10 2 4 2 8 2 4 2 10 4 12 2 2 2 10 4 16 6 19
OSO (29, 257) (223, 0) - 1 7 20 6 16 4 8 2 4 2 10 4 12 4 12 4 12 4 12 4 14 6 20 6 16 6 20 6 15
OSO (37, 319) (223, 0) - 1 5 12 4 12 4 10 4 14 6 20 7 1 15 5 1 20 1 5 14 6 20 7 1 15 6 18 6 16 4 6 2 8 4 14 6 19
OSO (31, 235) (226, 0) - 1 5 12 2 2 2 10 2 4 2 6 2 8 4 16 4 8 4 18 6 17 1 6 1 19 6 18 6 18 6 19
OSO (35, 275) (226, 0) - 1 5 14 4 10 2 4 2 8 4 16 6 20 6 16 4 8 2 6 4 18 6 16 4 10 4 14 4 10 4 15 1 6 1 20
OSO (35, 293) (226, 0) - 1 5 16 6 20 6 18 6 18 6 18 6 19 1 6 1 15 4 10 2 2 2 12 4 10 2 2 2 12 4 12 4 14 6 21
OSO (37, 289) (226, 0) - 1 5 14 5 1 19 6 16 4 10 4 14 4 10 2 2 2 12 4 12 4 10 2 6 4 17 1 6 1 17 6 20 6 16 5 1 20
OSO (31, 241) (227, 0) - 1 5 12 4 14 4 10 4 14 4 10 4 14 4 10 2 2 2 12 4 10 4 16 6 19 1 6 1 17 6 19
OSO (35, 317) (227, 0) - 1 5 14 4 10 4 14 6 20 6 15 1 6 1 20 1 5 16 6 18 6 18 6 17 1 6 1 17 6 18 6 16 5 1 20
OSO (41, 315) (227, 0) - 1 5 12 4 12 4 12 5 1 19 6 14 4 10 4 14 6 18 6 18 6 14 4 10 2 2 2 10 4 12 4 10 2 2 2 10 4 13 1 7 19
OSO (31, 261) (228, 0) - 1 5 12 4 10 4 14 4 8 2 4 2 8 4 15 1 6 1 17 6 18 6 16 6 18 6 16 6 18 6 17
OSO (33, 295) (228, 0) - 1 5 12 4 14 5 1 20 1 5 14 4 10 4 16 6 18 4 8 4 16 6 20 6 16 6 20 6 17 1 6 1 18
OSO (39, 303) (233, 0) - 1 5 14 4 8 2 4 2 8 4 14 4 8 2 4 2 8 4 15 1 6 1 18 1 6 1 17 6 16 6 18 6 16 6 18 6 16 6 19
OSO (35, 337) (235, 0) - 1 7 20 6 16 4 8 2 4 2 10 4 12 4 12 4 12 4 14 6 20 6 16 6 20 6 16 6 20 6 16 6 20 6 15
OSO (27, 269) (237, 0) - 1 5 14 6 20 6 14 6 20 6 14 4 8 2 6 4 16 6 18 6 16 6 18 6 16 6 19
OSO (29, 215) (237, 0) - 1 5 12 4 12 4 12 5 1 19 6 14 4 10 4 12 4 12 4 10 2 2 2 10 4 13 1 7 19
OSO (37, 305) (241, 0) - 1 5 14 4 10 4 16 6 18 4 6 2 8 4 16 6 20 6 16 6 21 1 5 16 4 8 2 4 2 10 4 12 4 14 5 1 20
OSO (37, 309) (241, 0) - 1 5 14 4 10 4 14 4 10 4 14 4 10 4 14 4 10 4 14 5 1 19 6 18 6 16 4 8 2 6 4 18 6 16 5 1 20
OSO (39, 321) (241, 0) - 1 5 12 4 12 4 12 4 10 4 12 4 12 4 12 5 1 19 6 14 4 10 4 12 4 12 4 12 5 1 19 6 14 4 10 4 14 6 19
OSO (39, 347) (241, 0) - 1 5 12 4 12 4 12 5 1 18 1 6 1 17 6 16 4 8 4 16 6 18 6 16 6 19 1 5 14 6 20 6 14 4 10 4 14 6 19
OSO (27, 189) (242, 0) - 1 5 14 4 12 4 10 2 2 2 12 4 10 2 4 2 8 4 16 6 19 1 5 14 5 1 20
OSO (29, 171) (242, 0) - 1 5 12 4 10 2 4 2 6 2 6 4 17 1 6 1 16 1 6 1 17 4 6 2 6 2 6 4 17
OSO (43, 239) (242, 0) - 1 5 12 4 14 4 8 2 6 2 6 2 6 2 6 2 6 2 6 2 6 2 6 2 6 2 6 2 8 4 14 4 10 2 4 2 6 2 8 4 16 6 19
OSO (37, 257) (243, 0) - 1 5 12 4 14 5 1 21 7 1 15 4 8 2 4 2 10 4 12 2 2 2 8 2 6 4 17 1 6 1 17 4 8 4 16 6 19
OSO (27, 281) (244, 0) - 1 5 14 5 1 19 6 18 6 18 6 20 6 16 5 1 21 6 14 4 14 6 20 6 18 6 19
OSO (31, 217) (244, 0) - 1 5 14 4 12 4 12 4 12 4 10 2 4 2 8 2 6 4 16 4 8 2 4 2 10 4 12 4 14 6 21
OSO (27, 205) (245, 0) - 1 5 12 4 14 4 10 4 14 5 1 20 1 5 14 4 12 4 10 2 4 2 8 4 16 6 19
CS (124, 960) (248, 0) - 1 5 12 4 12 2 2 2 8 2 4 2 8 2 4 2 8 2 2 2 12 4 12 5 1 18 1 6 1 17 6 18 6 16 4 10 4 12 4 12 4 12 4 12 4 12 5 1 18 1 5 12 4 12 4 13 1 7 20 6 16 6 19 1 6 1 15 4 10 4 12 4 14 6 20 6 14 4 12 4 10 4 15 1 6 1 19 6 16 6 20 7 1 13 4 12 4 12 5 1 18 1 5 12 4 12 4 12 4 12 4 12 4 10 4 16 6 18 6 17 1 6 1 18
OSO (37, 309) (249, 0) - 1 5 12 4 14 5 1 20 1 6 1 15 5 1 20 1 5 14 5 1 19 6 17 1 6 1 17 4 8 4 16 6 20 6 16 6 19
OSO (35, 269) (250, 0) - 1 5 12 2 4 2 6 2 6 2 8 4 16 6 19 1 6 1 17 6 19 1 6 1 16 1 6 1 19 6 18 6 18 6 19
OSO (37, 313) (251, 0) - 1 5 14 4 10 4 14 5 1 20 1 5 14 5 1 20 1 5 15 1 6 1 20 1 5 16 6 18 6 16 6 20 6 14 5 1 20
OSO (31, 301) (252, 0) - 1 5 16 4 8 4 18 6 16 4 10 4 15 1 6 1 19 6 18 6 18 6 18 6 20 6 14 4 14 6 21
OSO (41, 321) (253, 0) - 1 5 14 4 10 2 2 2 12 4 12 4 12 2 2 2 10 4 14 4 10 4 16 6 19 1 6 1 17 6 19 1 5 14 5 1 19 6 18 6 19
OSO (29, 249) (255, 0) - 1 5 14 4 12 4 14 4 10 2 4 2 10 4 14 4 10 2 6 4 18 6 20 6 18 6 20 6 19
OSO (33, 235) (255, 0) - 1 5 14 4 12 4 10 2 4 2 6 2 8 4 16 6 18 4 6 2 8 4 15 1 6 1 20 1 5 15 1 7 21
OSO (35, 241) (255, 0) - 1 5 12 4 12 4 10 4 14 5 1 20 1 5 14 4 10 4 12 4 10 2 4 2 6 4 17 1 6 1 16 1 6 1 18
OSO (35, 283) (256, 0) - 1 5 12 4 10 4 14 4 8 4 16 6 17 1 6 1 17 6 18 6 16 6 17 1 6 1 18 1 5 12 4 12 5 1 18
OSO (37, 271) (258, 0) - 1 5 12 4 14 4 8 2 4 2 10 4 12 2 2 2 8 2 6 4 17 1 6 1 17 6 18 6 18 6 18 6 17 1 6 1 18
OSO (39, 327) (259, 0) - 1 5 12 4 13 1 7 19 1 6 1 15 4 8 4 16 6 17 1 6 1 17 6 18 6 14 4 12 5 1 19 6 14 4 10 4 14 6 19
OSO (35, 271) (260, 0) - 1 5 12 4 14 4 10 4 14 4 12 5 1 18 1 6 1 17 6 19 1 5 12 4 15 1 6 1 19 6 17 1 6 1 18
OSO (51, 319) (260, 0) - 1 5 12 4 10 4 14 4 8 2 4 2 8 4 14 4 8 2 4 2 8 4 14 4 8 2 4 2 8 4 14 4 8 2 4 2 8 4 15 1 6 1 18 1 5 12 4 12 5 1 18
CS (86, 648) (260, 0) - 1 5 12 2 2 2 10 4 14 4 8 2 6 2 6 4 18 6 17 1 6 1 19 6 16 6 19 1 6 1 17 6 18 4 6 2 6 2 8 4 14 4 10 2 2 2 12 5 1 19 6 16 4 8 2 4 2 10 4 12 4 14 6 20 6 17 1 6 1 17 6 20 6 14 4 12 4 10 2 4 2 8 4 16 6 19
OSO (29, 201) (262, 0) - 1 5 14 4 12 4 10 2 2 2 12 4 10 4 16 6 18 4 6 2 6 2 8 4 15 1 6 1 20
OSO (37, 281) (265, 0) - 1 5 12 2 2 2 10 4 14 5 1 20 1 5 14 4 12 5 1 18 1 6 1 17 6 19 1 5 14 5 1 20 1 5 16 6 19
CS (96, 812) (266, 0) - 1 5 12 5 1 17 6 18 6 14 4 10 2 2 2 10 4 10 2 2 2 12 6 20 6 14 5 1 19 6 16 6 17 1 6 1 17 6 16 5 1 20 1 5 14 6 20 6 14 6 20 6 14 6 20 6 14 5 1 20 1 5 16 6 17 1 6 1 17 6 16 6 19 1 5 14 6 20 6 12 2 2 2 10 4 10 2 2 2 10 4 14 6 18 6 17
OSO (43, 331) (267, 0) - 1 5 12 4 14 4 10 4 14 4 10 2 4 2 6 2 8 2 2 2 12 4 12 4 14 6 21 1 5 16 5 1 21 6 16 6 20 6 17 1 6 1 18
OSO (37, 301) (268, 0) - 1 5 14 6 19 1 6 1 15 4 8 2 2 2 12 4 10 4 12 4 12 4 10 4 14 6 18 6 18 6 14 4 10 4 14 6 19
OSO (39, 225) (270, 0) - 1 5 12 4 10 2 4 2 6 2 4 2 10 4 12 5 1 17 4 6 2 6 2 4 2 10 4 12 5 1 17 4 6 2 6 2 6 4 17
OSO (35, 243) (272, 0) - 1 5 12 2 2 2 10 4 14 4 10 2 4 2 6 2 6 2 8 4 16 6 19 1 6 1 17 6 19 1 6 1 17 6 19
OSO (35, 305) (273, 0) - 1 5 16 6 20 6 16 6 20 6 16 6 20 6 16 4 8 2 4 2 10 4 12 4 12 2 2 2 10 4 12 4 14 6 21
OSO (37, 215) (273, 0) - 1 5 12 4 14 4 8 2 6 2 6 2 6 2 6 2 6 2 6 2 6 2 8 4 14 4 10 2 4 2 6 2 8 4 16 6 19
OSO (37, 315) (273, 0) - 1 5 12 2 2 2 12 5 1 19 6 17 1 6 1 19 6 16 4 10 4 15 1 6 1 20 1 5 16 6 20 6 18 6 18 6 19
OSO (39, 331) (274, 0) - 1 5 14 4 12 4 14 4 10 2 4 2 10 4 14 4 12 4 12 4 15 1 6 1 20 1 5 16 6 22 6 16 6 22 6 16 5 1 20
CS (68, 548) (274, 0) - 1 5 12 4 10 2 2 2 10 4 14 6 18 6 16 6 19 1 5 14 6 20 6 14 6 20 6 14 5 1 19 6 16 6 18 6 14 4 10 2 2 2 10 4 12 5 1 17 4 6 2 6 2 6 4 16 6 18 6 16 4 6 2 6 2 6 4 17
OSO (39, 291) (275, 0) - 1 5 14 4 12 4 10 2 4 2 8 4 16 6 18 4 6 2 8 4 16 6 18 4 6 2 8 4 15 1 6 1 20 1 5 15 1 7 21
OSO (39, 323) (275, 0) - 1 5 12 4 14 5 1 20 1 5 14 4 10 2 4 2 6 2 8 4 16 6 20 6 16 6 20 6 16 5 1 21 6 14 4 12 5 1 18
OSO (35, 299) (276, 0) - 1 5 12 4 12 4 12 4 12 4 10 2 4 2 8 4 16 6 18 6 18 6 18 6 18 6 18 6 16 4 8 2 6 4 17
OSO (39, 313) (276, 0) - 1 5 14 4 10 4 14 4 10 4 14 4 10 4 14 4 8 2 6 2 6 4 18 6 17 1 6 1 18 1 6 1 17 6 18 6 18 6 19
OSO (43, 303) (278, 0) - 1 5 16 6 20 6 17 1 6 1 17 4 8 4 17 1 6 1 17 4 6 2 8 2 4 2 10 4 12 4 14 4 8 2 6 2 8 4 15 1 6 1 20
OSO (33, 235) (279, 0) - 1 5 16 6 19 1 6 1 16 1 6 1 19 6 16 4 8 2 6 2 4 2 10 4 12 2 2 2 10 4 14 6 21
CS (94, 704) (280, 0) - 1 6 1 17 4 6 2 8 2 4 2 8 4 16 4 8 4 16 4 6 2 8 2 6 4 16 4 8 4 16 4 8 2 4 2 8 2 6 4 17 1 6 1 17 6 20 7 1 15 6 20 6 16 6 20 6 16 4 8 2 4 2 8 2 6 4 17 1 6 1 17 4 6 2 8 2 4 2 8 4 16 6 20 6 16 6 20 6 15 1 7 20 6 17
CS (92, 664) (281, 0) - 1 5 12 2 2 2 10 4 10 4 14 4 8 2 4 2 8 4 14 4 10 4 10 2 2 2 12 5 1 19 6 15 1 6 1 19 7 1 13 4 12 5 1 19 6 14 4 10 4 12 4 12 5 1 18 1 6 1 15 4 8 4 15 1 6 1 18 1 5 12 4 12 4 10 4 14 6 19 1 5 12 4 13 1 7 19 1 6 1 15 6 19
CS (96, 852) (281, 0) - 1 5 14 4 10 2 4 2 8 4 16 6 20 6 17 1 6 1 17 6 20 6 17 1 6 1 17 6 20 6 16 4 8 2 4 2 10 4 14 5 1 19 6 18 6 19 1 5 14 5 1 19 6 18 6 18 6 18 4 6 2 8 4 16 5 1 21 6 16 6 21 1 5 16 4 8 2 6 4 18 6 18 6 18 6 19 1 5 14 5 1 19 6 18 6 19
OSO (43, 371) (282, 0) - 1 5 16 4 8 4 16 4 8 2 4 2 8 2 6 4 17 1 6 1 17 6 20 6 16 6 20 6 14 4 12 4 12 4 12 4 14 6 20 6 16 6 21
OSO (39, 293) (283, 0) - 1 5 14 4 10 2 4 2 8 4 17 1 6 1 17 6 20 6 16 4 10 4 14 4 10 2 4 2 8 4 16 4 8 2 6 4 18 6 19
OSO (41, 293) (284, 0) - 1 5 12 4 10 2 2 2 10 2 2 2 10 4 12 4 10 4 14 5 1 20 1 5 15 1 6 1 19 6 14 4 8 2 6 4 16 6 18 6 17
OSO (33, 285) (285, 0) - 1 5 16 4 10 4 16 4 8 2 6 4 20 6 16 4 10 4 16 5 1 21 6 17 1 6 1 19 6 18 5 1 22
OSO (41, 315) (285, 0) - 1 5 14 4 12 4 10 2 6 4 17 1 6 1 17 6 20 6 16 4 8 2 6 2 6 4 19 1 5 14 4 12 4 12 4 12 4 14 5 1 20
OSO (37, 259) (287, 0) - 1 5 16 6 19 1 6 1 16 1 6 1 19 6 16 4 8 2 4 2 10 4 12 2 2 2 10 4 12 2 2 2 10 4 14 6 21
OSO (41, 271) (290, 0) - 1 5 12 4 12 4 12 4 8 2 6 2 4 2 10 4 10 4 15 1 6 1 18 1 5 12 4 12 4 12 5 1 18 1 6 1 16 1 6 1 18
OSO (37, 271) (291, 0) - 1 5 14 4 10 4 14 4 10 4 14 4 8 2 6 2 6 2 4 2 10 4 14 6 20 6 16 5 1 20 1 6 1 15 5 1 20
OSO (41, 303) (291, 0) - 1 5 12 4 12 4 10 2 2 2 10 4 12 4 12 4 10 4 12 4 12 4 10 4 14 6 19 1 6 1 15 4 8 4 16 6 17 1 6 1 18
OSO (41, 321) (291, 0) - 1 5 14 4 10 4 14 4 10 4 14 4 10 4 14 4 8 2 6 2 6 2 6 4 18 6 17 1 6 1 18 1 6 1 17 6 18 6 18 6 19
OSO (41, 321) (292, 0) - 1 5 14 4 10 4 14 4 10 4 15 1 6 1 19 6 18 6 16 4 8 2 6 4 17 1 6 1 18 1 6 1 17 6 19 1 5 14 5 1 20
OSO (27, 205) (293, 0) - 1 5 12 2 2 2 10 4 14 4 10 4 14 5 1 20 1 5 14 4 12 4 10 4 16 6 19
CS (88, 644) (294, 0) - 1 5 12 4 14 4 8 2 6 2 6 2 4 2 10 4 14 4 10 4 14 4 10 4 14 4 10 2 4 2 6 2 6 2 8 4 14 4 12 5 1 19 6 16 4 8 2 6 4 18 6 17 1 6 1 19 6 16 5 1 20 1 6 1 16 1 6 1 20 1 5 16 6 19 1 6 1 17 6 18 4 6 2 8 4 16 6 19
CS (112, 928) (296, 0) - 1 5 10 2 4 2 8 4 14 6 19 1 5 12 4 13 1 7 20 7 1 14 1 7 20 7 1 14 1 7 20 7 1 13 4 12 5 1 19 6 14 4 8 2 4 2 10 5 1 17 6 18 6 14 4 10 4 14 6 18 6 16 4 8 4 14 5 1 19 6 15 1 6 1 19 6 14 4 10 4 12 4 10 4 14 6 19 1 6 1 15 6 19 1 5 14 4 8 4 16 6 18 6 14 4 10 4 14 6 18 6 17
OSO (41, 307) (297, 0) - 1 5 16 6 19 1 6 1 17 6 20 6 14 4 12 4 12 4 10 2 4 2 8 2 4 2 8 2 4 2 10 4 12 4 12 4 12 4 14 6 21
OSO (43, 291) (298, 0) - 1 5 12 2 2 2 10 4 14 6 21 1 5 16 4 6 2 8 2 4 2 8 2 4 2 8 2 4 2 8 4 16 6 20 6 14 4 12 4 12 5 1 18
OSO (49, 293) (298, 0) - 1 5 12 2 2 2 10 4 14 4 8 2 6 2 4 2 10 4 14 6 20 6 16 4 8 2 4 2 8 2 4 2 8 2 4 2 8 2 4 2 8 2 4 2 8 4 16 6 19
OSO (39, 231) (302, 0) - 1 5 12 2 2 2 8 2 4 2 8 4 14 4 10 4 12 4 10 2 4 2 6 2 4 2 10 4 12 4 10 2 2 2 10 4 14 6 19
OSO (45, 309) (307, 0) - 1 5 12 4 15 1 6 1 19 6 17 1 6 1 19 6 16 4 8 2 6 2 4 2 10 2 2 2 10 2 4 2 6 2 8 4 16 6 19 1 6 1 17 6 19
OSO (47, 281) (307, 0) - 1 5 12 4 12 4 10 2 4 2 6 2 6 2 4 2 10 4 12 4 10 4 14 4 10 4 12 4 10 2 4 2 6 2 6 2 6 4 17 1 6 1 16 1 6 1 18
CS (102, 828) (308, 0) - 1 5 14 4 10 4 14 4 10 2 4 2 6 2 6 2 6 2 8 4 14 4 10 4 15 1 6 1 19 6 17 1 6 1 17 6 19 1 6 1 15 4 10 4 14 4 8 2 6 2 6 2 6 2 4 2 10 4 14 4 10 4 14 5 1 19 6 18 6 18 6 17 1 6 1 19 6 16 6 20 6 16 6 20 6 16 6 20 6 16 6 19 1 6 1 17 6 18 6 18 6 19
OSO (43, 323) (309, 0) - 1 5 12 4 14 5 1 20 1 5 16 6 20 6 17 1 6 1 17 4 8 4 17 1 6 1 17 4 6 2 8 2 6 4 17 1 6 1 17 4 8 4 17
OSO (37, 271) (310, 0) - 1 5 14 4 10 4 14 4 10 4 14 4 10 2 4 2 6 2 6 2 6 2 6 2 8 4 14 4 10 4 16 6 18 6 18 6 19
OSO (35, 251) (312, 0) - 1 5 14 4 10 2 4 2 10 4 14 4 12 4 12 2 2 2 10 2 4 2 8 4 18 6 19 1 5 14 5 1 19 6 19
OSO (41, 323) (312, 0) - 1 5 14 5 1 19 6 16 6 20 6 14 4 12 4 10 2 2 2 12 4 10 4 14 4 10 4 14 4 8 2 6 2 6 4 18 6 16 5 1 20
CS (82, 720) (312, 0) - 1 5 16 6 19 1 6 1 17 6 18 6 20 6 14 4 12 4 12 4 12 4 12 4 12 4 14 6 20 6 18 6 17 1 6 1 19 6 16 5 1 21 6 14 4 10 2 4 2 8 4 16 6 20 6 16 4 8 4 17 1 6 1 17 4 8 4 16 6 20 6 16 4 8 2 4 2 10 4 14 6 21
CS (142, 1192) (312, 0) - 1 5 16 4 8 2 4 2 8 2 4 2 10 4 12 4 12 4 12 4 14 6 20 6 16 4 8 4 17 1 6 1 17 4 8 4 16 6 20 7 1 13 4 12 4 12 4 12 4 12 4 12 4 12 4 13 1 7 20 6 16 4 8 4 17 1 6 1 17 4 8 4 16 6 20 6 14 4 12 4 12 4 12 4 10 2 4 2 8 2 4 2 8 4 16 5 1 21 6 16 6 20 6 16 6 20 6 14 4 12 4 12 4 12 4 12 4 12 4 12 4 12 4 12 4 12 4 12 4 12 4 14 6 20 6 16 6 20 6 16 6 21
OSO (45, 337) (314, 0) - 1 5 16 6 19 1 6 1 15 4 8 2 6 2 4 2 10 4 14 6 20 6 16 4 8 2 4 2 8 2 6 4 16 4 8 4 16 6 20 6 15 1 6 1 20
OSO (31, 275) (317, 0) - 1 5 14 6 20 7 1 15 6 18 6 17 1 6 1 17 6 16 4 6 2 8 4 14 6 20 7 1 15 6 19
OSO (45, 317) (317, 0) - 1 5 12 2 2 2 10 2 2 2 12 4 10 4 16 4 8 4 17 1 6 1 17 4 8 2 4 2 10 4 12 4 14 4 10 4 16 6 19 1 6 1 17 6 19
OSO (33, 321) (319, 0) - 1 5 16 6 20 6 16 6 20 6 16 6 20 6 16 6 20 6 16 4 8 2 4 2 10 4 12 4 12 4 14 6 21
OSO (45, 317) (322, 0) - 1 5 12 4 14 4 8 2 6 2 4 2 10 4 14 4 10 4 14 5 1 20 1 5 14 4 10 2 4 2 6 2 8 4 16 6 18 4 6 2 8 4 16 6 19
OSO (45, 349) (322, 0) - 1 5 14 4 10 2 4 2 8 2 4 2 10 4 12 2 2 2 10 4 15 1 6 1 19 6 18 6 18 6 20 6 16 5 1 21 6 14 4 12 4 14 5 1 20
OSO (37, 287) (323, 0) - 1 5 12 4 12 2 2 2 10 4 14 5 1 20 1 5 14 4 10 2 4 2 8 4 16 6 20 6 16 6 20 6 17 1 6 1 18
OSO (37, 287) (323, 0) - 1 5 14 4 12 4 10 2 2 2 12 4 10 2 4 2 8 4 16 6 19 1 6 1 17 6 18 6 18 6 19 1 5 14 5 1 20
OSO (43, 345) (323, 0) - 1 5 14 4 10 2 4 2 8 4 16 6 19 1 6 1 17 6 19 1 6 1 17 6 18 6 19 1 6 1 17 6 18 6 19 1 6 1 16 1 6 1 20
OSO (43, 361) (323, 0) - 1 5 12 4 12 4 14 6 20 6 16 6 20 6 14 4 12 4 12 4 10 4 16 6 19 1 5 14 5 1 19 6 16 4 8 2 4 2 8 2 6 4 17
OSO (47, 373) (323, 0) - 1 5 12 4 14 4 8 2 6 2 8 4 14 4 12 4 10 2 4 2 8 4 17 1 6 1 17 6 19 1 6 1 17 6 18 6 20 6 16 6 20 6 17 1 6 1 18
OSO (41, 337) (325, 0) - 1 5 12 4 12 4 10 4 14 6 19 1 5 14 6 19 1 5 12 4 12 4 10 4 14 6 19 1 6 1 15 6 19 1 5 12 4 13 1 7 19
OSO (41, 275) (327, 0) - 1 6 1 16 1 6 1 17 4 6 2 6 2 4 2 10 4 10 2 2 2 10 2 2 2 10 4 12 4 10 4 14 6 20 7 1 15 6 18 6 17
OSO (37, 259) (332, 0) - 1 5 14 4 12 4 10 2 4 2 8 4 16 4 8 2 4 2 8 2 6 4 18 6 16 4 10 4 14 4 10 4 15 1 6 1 20
OSO (33, 277) (333, 0) - 1 5 14 4 8 2 6 2 6 2 6 4 18 6 16 6 19 1 6 1 15 4 10 4 14 6 20 6 16 6 18 6 19
OSO (39, 261) (333, 0) - 1 5 12 2 2 2 10 4 14 4 10 4 14 5 1 20 1 5 14 4 12 4 10 2 2 2 12 4 10 2 4 2 6 2 8 4 16 6 19
OSO (49, 371) (334, 0) - 1 5 14 4 10 4 16 6 20 6 16 4 8 2 4 2 10 4 14 4 10 4 14 4 10 2 2 2 12 4 12 4 12 4 12 4 12 4 14 5 1 20 1 6 1 15 5 1 20
CS (72, 624) (336, 0) - 1 5 14 4 10 4 14 4 10 4 14 4 10 2 2 2 10 4 14 4 10 4 14 4 10 4 14 5 1 19 6 18 6 18 6 16 4 10 4 14 6 21 1 5 16 6 19 1 6 1 16 1 6 1 19 6 16 5 1 21 6 14 4 10 4 16 6 18 6 18 6 19
CS (86, 648) (336, 0) - 1 5 12 2 2 2 10 4 12 4 14 6 19 1 6 1 16 1 6 1 18 1 6 1 16 1 6 1 19 6 14 4 12 4 10 2 2 2 12 5 1 18 1 6 1 17 6 18 6 18 6 16 4 8 2 6 4 17 1 5 12 4 12 4 12 4 12 5 1 17 4 6 2 8 4 16 6 18 6 18 6 17 1 6 1 18
OSO (41, 305) (338, 0) - 1 5 14 4 10 4 14 4 10 4 14 4 8 2 6 2 6 2 6 2 6 2 6 4 18 6 18 6 17 1 6 1 18 1 6 1 17 6 18 6 19
OSO (49, 375) (338, 0) - 1 5 12 4 12 4 12 4 10 2 4 2 8 4 14 4 10 4 14 4 10 4 12 4 14 6 19 1 6 1 16 1 6 1 18 1 5 12 4 14 6 20 6 14 4 12 5 1 18
CS (162, 1220) (338, 0) - 1 5 12 4 12 5 1 18 1 5 12 4 12 5 1 18 1 5 12 4 12 5 1 18 1 6 1 15 4 8 4 15 1 6 1 18 1 6 1 15 4 8 4 15 1 6 1 19 7 1 14 1 7 20 6 14 6 20 6 14 5 1 19 6 16 6 16 4 8 4 15 1 6 1 18 1 6 1 15 4 8 4 15 1 6 1 18 1 6 1 15 4 8 4 15 1 6 1 18 1 6 1 15 4 8 4 15 1 6 1 18 1 6 1 15 4 8 4 16 6 16 6 19 1 5 14 6 20 6 14 6 20 7 1 14 1 7 19 1 6 1 15 4 8 4 15 1 6 1 18 1 6 1 15 4 8 4 15 1 6 1 18
CS (180, 1416) (340, 0) - 1 5 14 4 12 4 10 4 16 6 18 6 19 1 5 14 5 1 19 6 17 1 6 1 18 1 6 1 17 6 18 6 18 6 18 4 6 2 6 2 6 2 6 2 6 2 6 2 6 2 6 2 6 4 18 6 18 6 18 6 17 1 6 1 18 1 6 1 17 6 19 1 5 14 5 1 19 6 18 6 16 4 10 4 12 4 14 5 1 20 1 5 14 5 1 19 6 17 1 6 1 17 4 8 4 16 6 20 6 14 4 12 4 10 2 2 2 12 4 10 2 4 2 6 2 8 4 16 6 18 6 19 1 5 14 5 1 19 6 18 6 16 4 8 2 6 2 4 2 10 4 12 2 2 2 10 4 12 4 14 6 20 6 16 4 8 4 17 1 6 1 17 6 19 1 5 14 5 1 20
OSO (27, 243) (342, 0) - 1 5 14 4 10 2 6 4 18 6 20 6 18 4 8 4 18 6 19 1 5 14 5 1 19 6 19
OSO (39, 291) (344, 0) - 1 5 14 4 12 4 12 4 12 4 12 4 14 4 8 2 6 2 8 4 15 1 6 1 20 1 5 14 4 12 4 12 4 12 4 14 5 1 20
OSO (37, 277) (345, 0) - 1 5 14 4 10 2 4 2 6 2 8 4 16 6 18 4 6 2 8 4 16 6 18 4 6 2 8 4 16 6 19 1 5 14 5 1 20
OSO (45, 387) (345, 0) - 1 5 12 4 14 4 10 4 14 5 1 19 6 18 6 17 1 6 1 19 6 16 5 1 20 1 5 14 5 1 19 6 16 4 10 4 14 5 1 20 1 5 16 6 19
OSO (49, 359) (345, 0) - 1 5 12 2 2 2 10 4 15 1 6 1 19 6 17 1 6 1 18 1 6 1 17 6 18 6 20 6 16 4 8 2 6 2 4 2 10 4 15 1 6 1 19 6 17 1 6 1 18
CS (112, 832) (345, 0) - 1 5 12 4 14 4 12 5 1 18 1 6 1 17 6 20 6 16 4 8 2 6 2 6 2 6 2 6 2 6 2 8 4 16 6 21 1 5 17 1 6 1 17 6 20 6 17 1 6 1 17 4 6 2 10 4 12 4 14 4 10 4 14 4 12 4 10 2 6 4 17 1 6 1 17 6 20 6 17 1 6 1 17 5 1 21 6 16 4 8 2 6 2 6 2 6 2 6 2 6 2 8 4 16 6 20 6 17 1 6 1 18
CS (148, 1152) (348, 0) - 1 5 14 5 1 19 6 16 4 8 2 4 2 8 2 2 2 12 4 12 4 10 4 15 1 6 1 19 6 16 6 19 1 6 1 15 4 10 4 12 4 13 1 7 20 6 14 4 12 4 10 4 15 1 6 1 19 6 16 6 19 1 6 1 15 4 10 4 12 4 14 6 19 1 6 1 16 1 6 1 19 6 14 4 12 4 10 4 15 1 6 1 19 6 16 6 19 1 6 1 15 4 10 4 12 4 14 6 20 7 1 13 4 12 4 10 4 15 1 6 1 19 6 16 6 19 1 6 1 15 4 10 4 12 4 12 2 2 2 8 2 4 2 8 4 16 6 19
OSO (33, 225) (351, 0) - 1 5 14 4 10 4 12 4 12 4 10 4 14 4 8 2 4 2 8 2 4 2 8 4 14 4 8 2 6 4 16 6 19
OSO (49, 375) (351, 0) - 1 5 14 4 10 2 4 2 8 4 16 4 8 2 4 2 10 4 14 4 10 4 16 6 19 1 6 1 17 6 19 1 6 1 17 6 18 4 8 4 16 4 8 2 6 4 18 6 19
OSO (45, 353) (357, 0) - 1 5 12 4 12 4 14 5 1 20 1 5 14 4 10 4 16 6 19 1 6 1 15 4 10 4 15 1 6 1 19 6 17 1 6 1 17 4 8 4 16 4 8 4 17
OSNO (24, 196) (368, 0) - 1 5 15 1 6 1 20 1 5 15 1 7 20 6 15 1 7 20 6 15 1 6 1 20
OSO (43, 353) (368, 0) - 1 5 12 4 12 4 12 4 14 5 1 21 6 14 4 10 2 4 2 8 4 16 6 20 6 16 6 21 1 5 16 4 8 4 17 1 6 1 17 4 8 4 17
OSO (33, 217) (369, 0) - 1 5 14 4 12 4 10 2 2 2 12 4 10 2 4 2 6 2 8 4 16 6 18 4 6 2 8 4 15 1 6 1 20
CS (160, 1228) (371, 0) - 1 5 12 2 2 2 10 4 12 4 12 4 12 4 12 4 12 4 10 4 15 1 6 1 19 6 16 6 19 1 6 1 15 4 10 4 12 4 12 4 13 1 7 20 6 16 6 19 1 6 1 15 4 10 4 12 4 12 4 12 4 12 4 12 4 10 4 15 1 6 1 19 6 16 6 20 7 1 13 4 12 4 12 4 10 4 15 1 6 1 19 6 16 6 19 1 6 1 15 4 10 4 12 4 12 4 12 4 12 4 12 4 10 2 2 2 12 5 1 19 6 16 6 19 1 6 1 15 4 10 4 12 2 2 2 8 2 6 4 16 4 6 2 8 2 2 2 12 4 10 4 15 1 6 1 19 6 16 6 19
CS (116, 1028) (372, 0) - 1 5 14 4 10 4 14 4 10 4 14 4 10 4 15 1 6 1 19 6 16 4 8 2 4 2 10 4 12 4 14 6 21 1 5 16 4 8 4 16 5 1 21 6 14 4 12 4 10 2 4 2 8 4 16 6 19 1 6 1 15 4 10 4 14 4 10 4 14 4 10 4 14 5 1 19 6 18 6 17 1 6 1 19 6 16 6 20 6 16 6 20 6 16 6 20 6 16 6 20 6 16 6 20 6 16 6 19 1 6 1 17 6 18 6 19
CS (78, 588) (374, 0) - 1 5 12 4 10 4 14 4 8 4 16 6 17 1 6 1 18 1 5 12 4 12 5 1 18 1 6 1 17 6 16 4 8 4 14 4 10 4 12 5 1 17 4 6 2 6 2 6 4 17 1 5 12 5 1 17 6 18 6 16 6 18 6 17 1 5 12 5 1 17 4 6 2 6 2 6 4 17
OSO (43, 321) (384, 0) - 1 5 14 4 10 2 4 2 10 4 14 4 12 4 12 2 2 2 10 2 4 2 8 4 18 6 19 1 5 14 5 1 19 6 19 1 5 14 5 1 19 6 19
OSO (43, 317) (385, 0) - 1 5 16 4 8 2 6 4 18 6 17 1 6 1 19 6 16 4 10 4 14 4 8 2 8 4 14 4 10 2 2 2 12 4 10 2 4 2 8 4 16 6 21
OSO (45, 255) (387, 0) - 1 5 12 2 2 2 10 4 14 4 8 2 6 2 6 2 6 2 6 2 6 2 6 2 6 2 6 2 6 2 8 4 14 4 10 2 2 2 12 4 10 4 16 6 19
OSO (37, 287) (389, 0) - 1 5 14 4 10 2 4 2 6 2 8 4 16 6 18 4 6 2 8 4 16 6 19 1 6 1 17 6 18 6 19 1 5 14 5 1 20
CS (94, 748) (390, 0) - 1 5 12 2 2 2 10 4 14 5 1 20 1 5 14 4 12 5 1 19 6 16 6 20 6 14 4 12 5 1 18 1 6 1 17 6 17 1 6 1 18 1 6 1 17 6 17 1 6 1 18 1 5 12 4 14 6 20 6 16 6 19 1 5 12 4 14 5 1 20 1 5 14 4 10 2 2 2 12 5 1 19 6 17 1 5 12 4 12 5 1 17 6 19
CS (224, 1768) (398, 0) - 1 5 12 4 10 4 14 4 8 4 16 6 16 4 8 4 14 4 10 4 12 5 1 17 4 6 2 6 4 17 1 5 12 4 10 4 14 4 8 4 16 6 16 4 8 4 14 4 10 4 12 5 1 17 6 18 6 16 6 17 1 6 1 17 6 17 1 6 1 17 6 16 6 18 6 16 6 19 1 5 14 4 8 2 4 2 8 4 15 1 6 1 18 1 5 12 4 12 4 10 4 14 6 19 1 5 14 6 19 1 6 1 15 6 19 1 6 1 15 6 18 6 16 6 19 1 5 14 4 8 2 4 2 8 2 4 2 6 2 6 2 4 2 8 2 4 2 8 4 14 5 1 19 6 16 6 18 6 15 1 6 1 19 6 15 1 6 1 19 6 14 5 1 19 6 14 4 10 4 12 4 12 5 1 18 1 6 1 15 4 8 2 4 2 8 4 14 5 1 19 6 16 6 18 6 16 6 17 1 6 1 17 6 17 1 6 1 17 6 16 6 18 6 17
OSO (51, 361) (399, 0) - 1 5 12 2 2 2 10 4 14 4 10 4 14 4 10 4 14 4 10 2 4 2 6 2 8 4 15 1 6 1 20 1 6 1 15 4 10 4 14 5 1 20 1 5 14 4 10 4 16 6 19
OSO (41, 285) (400, 0) - 1 5 12 2 2 2 10 2 4 2 6 2 8 4 16 4 8 2 4 2 10 4 14 4 10 4 16 6 20 6 17 1 6 1 18 1 6 1 17 6 19
OSO (53, 381) (434, 0) - 1 5 14 4 10 2 4 2 8 2 4 2 8 2 6 4 18 6 18 6 18 4 8 4 16 4 8 2 4 2 10 4 14 4 10 4 15 1 6 1 20 1 5 14 4 12 4 12 4 14 5 1 20
OSO (37, 259) (442, 0) - 1 5 12 4 10 2 2 2 10 4 14 6 19 1 5 14 6 19 1 6 1 15 4 8 2 4 2 8 4 14 4 10 4 12 5 1 18
OSO (49, 385) (442, 0) - 1 5 12 4 12 4 13 1 7 20 6 16 6 20 6 16 6 18 4 6 2 6 2 8 4 14 4 10 2 2 2 10 4 14 4 10 4 14 5 1 20 1 5 14 4 12 5 1 18
OSO (49, 365) (444, 0) - 1 5 12 4 12 4 10 2 4 2 8 4 16 6 19 1 5 14 5 1 19 6 16 4 8 2 4 2 10 4 12 4 10 2 4 2 8 4 16 6 19 1 5 14 5 1 19 6 17
CS (158, 1404) (446, 0) - 1 5 14 5 1 19 6 15 1 6 1 19 6 14 4 10 4 12 4 10 4 14 6 19 1 6 1 15 6 19 1 5 14 5 1 19 6 15 1 7 20 6 14 4 10 4 12 4 10 4 14 6 19 1 6 1 15 6 19 1 5 14 5 1 19 6 16 6 16 4 8 4 16 6 16 6 19 1 5 14 6 20 6 14 6 20 6 14 6 20 6 12 2 2 2 10 4 10 2 2 2 12 6 20 6 14 6 20 6 14 6 20 6 14 5 1 19 6 16 6 16 4 8 4 16 6 16 6 19 1 5 14 5 1 19 6 15 1 6 1 19 6 14 4 10 4 12 4 10 4 14 6 20 7 1 15 6 19
OSO (45, 321) (456, 0) - 1 5 12 4 12 4 12 4 10 2 2 2 12 4 10 4 14 4 8 2 6 2 4 2 10 4 12 4 12 4 12 4 10 4 16 6 18 6 16 4 8 2 6 4 17
CS (220, 1504) (458, 0) - 1 5 12 4 10 2 4 2 6 2 4 2 10 4 10 2 2 2 10 2 2 2 10 4 10 4 14 4 8 2 4 2 8 4 14 4 8 2 4 2 8 4 14 4 8 2 4 2 8 4 14 4 10 4 10 2 2 2 10 2 2 2 10 4 10 2 4 2 6 2 4 2 10 4 12 5 1 18 1 5 12 4 12 4 10 4 12 4 12 4 10 4 13 1 7 18 4 6 4 17 1 6 1 16 1 6 1 17 6 18 6 14 4 10 4 12 4 12 4 10 4 12 4 12 4 10 4 12 4 12 5 1 18 1 5 12 4 12 5 1 18 1 5 12 4 12 5 1 18 1 5 12 4 12 5 1 18 1 5 12 4 12 5 1 18 1 5 12 4 12 4 10 4 12 4 12 4 10 4 12 4 12 4 10 4 14 6 18 6 17 1 6 1 16 1 6 1 17 4 6 4 18 7 1 13 4 10 4 12 4 12 4 10 4 12 4 12 5 1 18
OSO (45, 365) (461, 0) - 1 6 1 16 1 6 1 19 6 16 4 8 2 4 2 10 4 12 4 12 4 12 4 12 4 14 6 20 6 15 1 7 20 6 16 4 8 4 17 1 6 1 17 6 19
CS (158, 1228) (467, 0) - 1 5 12 2 2 2 10 4 12 4 12 4 12 4 12 4 12 4 10 4 15 1 6 1 19 6 16 6 19 1 6 1 15 4 10 4 12 4 12 4 13 1 7 20 6 16 6 19 1 6 1 15 4 10 4 12 4 12 4 12 4 12 4 12 4 10 4 15 1 6 1 19 6 16 6 20 7 1 13 4 12 4 12 4 10 4 15 1 6 1 19 6 16 6 19 1 6 1 15 4 10 4 12 4 12 4 12 4 12 4 12 4 10 2 2 2 12 5 1 19 6 16 6 19 1 6 1 15 4 10 4 12 2 2 2 10 4 12 4 12 4 10 2 2 2 12 4 10 4 15 1 6 1 19 6 16 6 19
OSO (53, 365) (473, 0) - 1 5 12 4 12 4 10 2 4 2 8 4 16 6 19 1 5 14 5 1 19 6 16 4 8 2 4 2 8 2 4 2 8 2 4 2 8 2 4 2 8 4 16 6 19 1 5 14 5 1 19 6 17
OSO (39, 289) (474, 0) - 1 5 12 2 2 2 8 2 4 2 8 4 14 4 8 4 16 6 17 1 6 1 17 6 17 1 6 1 17 6 17 1 6 1 17 6 16 6 19
CS (212, 1640) (501, 0) - 1 5 12 2 2 2 8 2 2 2 12 5 1 19 7 1 13 4 10 4 14 6 18 6 17 1 5 12 5 1 17 6 18 6 14 4 10 4 14 6 18 6 17 1 6 1 16 1 6 1 18 1 5 12 2 2 2 8 4 16 6 16 6 19 1 5 14 5 1 19 6 15 1 6 1 19 6 14 4 8 2 6 4 16 6 17 1 6 1 17 6 16 4 6 2 8 4 14 6 19 1 5 12 4 12 4 10 2 2 2 10 4 12 4 10 2 2 2 10 4 12 4 12 5 1 19 6 14 4 8 2 6 4 16 6 17 1 6 1 17 6 16 4 6 2 8 4 14 6 19 1 6 1 15 6 19 1 5 14 5 1 19 6 16 6 16 4 8 2 2 2 12 5 1 18 1 6 1 16 1 6 1 17 6 18 6 14 4 10 4 14 6 18 6 17 1 5 12 5 1 17 6 18 6 14 4 10 4 13 1 7 19
OSO (57, 357) (506, 0) - 1 5 14 4 10 2 4 2 8 2 4 2 8 2 4 2 10 4 12 4 14 4 10 4 14 4 10 2 2 2 12 4 12 4 12 4 12 4 12 4 14 4 8 2 6 2 6 2 6 2 8 4 15 1 6 1 20
OSO (51, 365) (533, 0) - 1 5 14 4 10 2 4 2 6 2 6 2 6 2 6 2 6 2 6 2 6 4 18 6 17 1 6 1 17 6 19 1 5 14 4 10 4 14 5 1 19 6 17 1 6 1 17 6 18 6 19
OSO (49, 381) (550, 0) - 1 5 12 4 14 4 10 4 14 4 10 2 4 2 8 4 16 6 20 6 17 1 6 1 17 6 20 6 16 4 10 4 12 2 2 2 10 4 15 1 6 1 19 6 17 1 6 1 18
OSO (51, 363) (646, 0) - 1 5 14 4 10 4 16 6 20 6 16 5 1 20 1 6 1 15 4 10 4 14 4 10 2 2 2 12 4 10 2 4 2 8 2 4 2 8 2 4 2 10 4 12 4 14 5 1 19 6 19
OSNO (28, 186) (696, 0) - 1 5 12 2 2 2 8 2 4 2 8 4 15 1 6 1 18 1 5 14 6 19 1 6 1 15 6 19
OSNO (32, 282) (703, 0) - 1 5 12 4 14 5 1 19 6 18 6 19 1 5 14 4 10 4 16 6 19 1 5 14 5 1 20 1 5 16 6 19
CS (220, 1316) (707, 0) - 1 5 12 4 10 2 4 2 6 2 4 2 10 4 10 2 4 2 6 2 4 2 10 4 10 2 4 2 6 2 4 2 10 4 12 5 1 18 1 5 12 4 12 5 1 18 1 5 12 4 12 5 1 17 4 6 2 6 2 6 4 16 4 6 2 6 2 4 2 10 4 10 2 4 2 6 2 4 2 10 4 10 2 4 2 6 2 4 2 10 4 12 5 1 18 1 5 12 4 12 5 1 18 1 5 12 4 12 5 1 17 4 6 2 6 2 6 4 16 4 6 2 6 2 6 4 16 6 18 6 16 4 6 2 6 2 6 4 16 4 6 2 6 2 6 4 17 1 5 12 4 12 5 1 18 1 5 12 4 12 5 1 18 1 5 12 4 10 2 4 2 6 2 4 2 10 4 10 2 4 2 6 2 4 2 10 4 10 2 4 2 6 2 6 4 16 4 6 2 6 2 6 4 17 1 5 12 4 12 5 1 18 1 5 12 4 12 5 1 18
CS (224, 1316) (752, 0) - 1 5 12 4 10 2 4 2 6 2 4 2 10 4 10 2 4 2 6 2 4 2 10 4 10 2 4 2 6 2 4 2 10 4 12 5 1 18 1 5 12 4 12 5 1 18 1 5 12 4 12 5 1 17 4 6 2 6 2 6 4 16 4 6 2 6 2 4 2 10 4 10 2 4 2 6 2 4 2 10 4 10 2 4 2 6 2 4 2 10 4 12 5 1 18 1 5 12 4 12 5 1 18 1 5 12 4 12 5 1 17 4 6 2 6 2 6 4 16 4 6 2 6 2 6 4 16 4 6 2 6 2 6 4 16 4 6 2 6 2 6 4 16 4 6 2 6 2 6 4 17 1 5 12 4 12 5 1 18 1 5 12 4 12 5 1 18 1 5 12 4 10 2 4 2 6 2 4 2 10 4 10 2 4 2 6 2 4 2 10 4 10 2 4 2 6 2 6 4 16 4 6 2 6 2 6 4 17 1 5 12 4 12 5 1 18 1 5 12 4 12 5 1 18
OSNO (40, 306) (998, 0) - 1 5 12 4 12 4 12 4 14 6 21 1 5 15 1 7 21 1 5 15 1 7 21 1 5 14 4 12 4 12 4 10 2 4 2 8 2 6 4 17
OSNO (38, 300) (1001, 0) - 1 5 12 4 12 4 12 4 8 2 6 2 4 2 8 4 15 1 6 1 19 6 14 5 1 19 6 16 6 16 4 8 4 16 6 16 6 19
OSNO (40, 322) (1140, 0) - 1 5 12 4 14 4 10 4 14 4 10 4 14 4 10 4 15 1 7 21 1 6 1 15 4 10 4 14 5 1 20 1 5 14 4 10 4 16 6 19
OSNO (38, 290) (1160, 0) - 1 5 12 2 2 2 10 4 14 4 10 4 14 4 10 4 15 1 6 1 20 1 5 14 4 12 4 10 4 16 6 19 1 6 1 17 6 19
OSNO (30, 266) (1233, 0) - 1 5 14 4 12 4 10 2 4 2 8 4 16 6 20 6 15 1 7 20 6 18 6 16 4 10 4 14 6 21
OSNO (34, 306) (1302, 0) - 1 5 12 4 10 4 14 4 8 4 16 6 18 6 16 6 19 1 5 14 4 8 2 6 4 16 6 18 6 16 6 18 6 17
OSNO (46, 396) (1605, 0) - 1 5 12 4 12 4 10 4 14 6 18 6 18 6 15 1 6 1 20 1 5 16 6 16 4 8 4 16 6 16 6 19 1 6 1 15 6 19 1 5 12 4 13 1 7 19
OSNO (34, 262) (1621, 0) - 1 5 14 4 10 2 2 2 12 4 10 4 15 1 6 1 20 1 5 16 6 18 4 8 4 16 6 19 1 5 14 5 1 20
OSNO (46, 370) (1693, 0) - 1 5 16 4 8 2 6 2 4 2 10 4 15 1 6 1 19 6 18 6 20 7 1 13 2 2 2 8 2 6 4 18 6 18 6 20 6 15 1 7 21 1 5 16 6 21
OSNO (42, 280) (1756, 0) - 1 5 12 4 12 2 2 2 8 2 6 4 17 1 5 12 4 12 4 12 4 12 2 2 2 8 2 4 2 8 4 16 5 1 21 6 14 4 12 5 1 18
OSNO (40, 368) (1781, 0) - 1 5 12 4 12 4 14 6 20 6 16 4 8 4 17 1 6 1 17 6 20 7 1 15 6 20 6 16 6 20 6 16 4 8 4 16 4 8 4 17
OSNO (34, 290) (1810, 0) - 1 5 16 4 8 2 4 2 8 2 4 2 10 4 12 4 12 4 14 6 21 1 5 16 6 20 6 16 6 20 6 16 6 21
OSNO (36, 318) (1899, 0) - 1 5 14 4 8 2 6 4 16 6 19 1 5 14 5 1 19 6 16 6 19 1 5 14 6 20 6 15 1 6 1 19 6 16 6 19
OSNO (50, 354) (1903, 0) - 1 5 12 4 14 4 10 4 14 4 8 2 6 2 8 4 14 4 10 4 15 1 6 1 20 1 5 14 4 10 2 2 2 12 4 10 2 4 2 8 4 16 6 19 1 6 1 17 6 19
OSNO (58, 452) (2282, 0) - 1 5 14 4 10 2 2 2 12 4 12 4 12 4 14 5 1 20 1 6 1 15 5 1 20 1 5 14 4 10 4 16 5 1 21 6 16 5 1 21 6 14 4 12 4 12 4 14 5 1 20 1 6 1 15 5 1 20
OSNO (48, 366) (2310, 0) - 1 5 12 4 14 5 1 20 1 5 14 4 12 4 12 4 14 6 21 1 5 14 4 12 4 12 2 2 2 10 4 14 5 1 19 6 19 1 5 14 4 10 2 4 2 8 4 17
OSNO (56, 398) (2558, 0) - 1 5 12 2 2 2 10 4 12 2 2 2 8 2 6 4 16 4 8 4 16 6 19 1 5 14 5 1 19 6 17 1 5 12 4 12 4 12 4 10 2 4 2 6 2 8 4 15 1 6 1 19 6 16 6 19
OSNO (52, 394) (2651, 0) - 1 5 12 2 2 2 10 4 14 5 1 20 1 6 1 15 4 8 2 6 2 4 2 10 4 12 4 14 6 21 1 5 16 6 20 6 16 6 19 1 6 1 16 1 6 1 20 1 5 16 6 19
OSNO (36, 290) (2656, 0) - 1 5 12 4 14 4 10 4 15 1 6 1 19 6 18 6 19 1 5 14 4 10 2 4 2 8 4 16 6 20 6 17 1 6 1 18
OSNO (52, 376) (2724, 0) - 1 5 12 4 12 4 10 2 4 2 4 2 10 4 12 4 12 4 10 4 14 6 19 1 5 12 4 12 4 12 5 1 19 7 1 13 4 10 2 2 2 10 4 12 4 12 4 10 4 14 6 19
OSNO (54, 470) (2936, 0) - 1 5 14 4 10 2 4 2 8 4 16 6 20 6 16 4 8 2 6 4 18 6 18 6 17 1 6 1 20 1 5 16 6 20 6 16 6 20 6 18 6 16 4 10 4 14 4 10 4 15 1 6 1 20
OSNO (56, 388) (3009, 0) - 1 5 12 4 12 4 12 2 2 2 8 2 6 4 17 1 6 1 17 6 20 6 14 4 12 4 12 5 1 17 4 8 4 16 4 8 4 16 4 8 4 16 4 8 2 4 2 8 2 4 2 8 2 6 4 17
OSNO (42, 352) (3210, 0) - 1 5 12 4 12 4 14 6 21 1 5 16 5 1 21 6 15 1 7 21 1 5 16 6 19 1 5 12 4 14 4 8 2 6 4 18 6 17 1 6 1 18
OSNO (46, 390) (3237, 0) - 1 5 12 4 16 6 21 1 5 16 4 8 2 8 4 16 4 8 2 6 2 8 4 16 4 10 4 16 5 1 21 6 18 6 20 6 18 6 21 1 5 17 1 6 1 18
OSNO (58, 474) (3332, 0) - 1 5 16 6 20 6 18 6 17 1 6 1 19 6 16 4 8 2 6 2 6 2 6 2 8 4 15 1 6 1 20 1 5 16 6 20 6 18 6 17 1 6 1 19 6 16 4 10 4 14 4 10 4 15 1 6 1 20
OSNO (62, 502) (3399, 0) - 1 5 14 4 10 2 2 2 12 4 12 4 12 4 12 4 12 4 14 6 21 1 5 16 6 20 6 16 6 20 6 18 6 17 1 6 1 19 6 16 4 10 4 14 5 1 19 4 6 2 6 2 6 2 6 2 8 4 15 1 7 21
OSNO (48, 358) (3841, 0) - 1 5 12 4 12 4 10 4 14 5 1 20 1 5 14 5 1 20 1 5 15 1 6 1 19 6 15 1 6 1 20 1 5 16 6 16 4 8 2 4 2 6 2 8 4 14 6 19
OSNO (72, 598) (4347, 0) - 1 5 12 4 12 2 2 2 10 4 14 4 10 4 16 6 19 1 6 1 17 6 18 6 20 6 16 5 1 21 6 14 4 12 4 12 2 2 2 10 4 14 5 1 20 1 5 16 6 20 6 16 4 10 4 14 4 10 4 15 1 6 1 20 1 5 16 6 21 1 5 17
OSNO (82, 642) (8464, 0) - 1 5 12 4 14 5 1 19 4 6 2 6 2 6 2 8 4 16 6 20 6 16 6 21 1 5 16 6 20 6 18 6 17 1 6 1 19 6 16 4 8 2 6 2 6 2 6 2 6 2 6 2 8 4 15 1 6 1 20 1 5 16 6 20 6 16 4 8 2 6 4 18 6 19 1 5 14 4 12 5 1 18
// Unused triples
